File: ./klee-ifelse/test000001.smt2
1:	809     1       1       -1789   -1447   258     0       -100    257     0       1       1       
2:	809     1       1       -1781   -1447   256     0       -100    257     0       1       1       
3:	1065    1       1       -1781   -1447   256     0       -100    257     0       1       1       
4:	608     1       1       0       -1024   8       0       -100    0       0       1       1       
5:	624     1       1       -1024   64      32      0       -100    56      0       1       1       
File: ./klee-ifelse/test000002.smt2
1:	809     1       1       -1789   -1447   258     0       -1789   258     0       1       0       
2:	809     1       1       -1781   -1447   258     0       -1789   258     0       1       0       
3:	809     1       1       -1781   -1447   258     0       -1784   258     0       1       0       
4:	809     1       1       -1781   -1447   258     0       -1656   258     0       1       0       
5:	1280    1       1       0       0       0       0       2       1024    0       1       0       
File: ./klee-ifelse/test000003.smt2
1:	601     1       1       256     -1447   -1791   0       259     258     0       1       0       
2:	1024    1       1       128     -1536   49      0       0       -1792   0       1       0       
3:	1024    1       1       512     -1024   56      0       256     0       0       1       0       
4:	1024    1       1       520     0       50      0       0       -1792   0       1       0       
5:	1032    1       1       0       0       -1792   2       64      -1999   0       1       0       
File: ./klee-ifelse/test000005.smt2
1:	809     1       1       259     -1447   258     0       -100    257     0       1       1       
2:	809     1       1       259     -1447   258     0       -100    1281    0       1       1       
3:	1024    1       1       512     0       0       0       -100    256     0       1       1       
4:	1024    1       1       512     16      0       0       -100    0       0       1       1       
5:	1536    1       1       16      0       4       0       -100    0       0       1       1       
File: ./klee-ifelse/test000006.smt2
1:	601     1       1       256     -1447   -1791   0       257     257     0       1       1       
2:	604     1       1       256     -1447   -1791   0       257     257     0       1       1       
3:	605     1       1       256     -1447   -1791   0       257     257     0       1       1       
4:	1024    1       1       0       0       -1024   0       0       52      0       1       1       
5:	1028    1       1       64      56      64      0       0       514     0       1       1       
File: ./klee-ifelse/test000007.smt2
1:	809     1       0       -1789   -1447   258     0       -1789   258     0       2       0       
2:	1024    1       0       0       0       0       0       0       0       0       2       0       
3:	608     1       0       1024    0       1024    2       52      256     0       2       0       
4:	1024    1       0       -1792   0       1       1       -1999   1       0       2       0       
5:	1152    1       0       -1998   50      0       0       256     1024    0       2       0       
File: ./klee-ifelse/test000008.smt2
1:	809     1       0       259     -1447   258     0       -100    257     0       2       1       
2:	809     1       0       -1789   -1447   -1790   0       -100    257     0       2       1       
3:	768     1       0       1024    0       0       0       -100    24      0       2       1       
4:	640     1       0       0       0       -1024   0       -100    -1792   1       2       1       
5:	644     1       0       0       0       -1024   0       -100    -1792   1       2       1       
File: ./klee-ifelse/test000009.smt2
1:	601     1       0       256     -1447   -1791   0       257     257     0       2       1       
2:	1625    1       0       256     -1447   -1791   0       257     257     0       2       1       
3:	768     1       0       1024    0       56      0       0       0       0       2       1       
4:	768     1       0       1024    0       50      0       0       0       0       2       1       
5:	1024    1       0       0       0       -1996   0       0       0       0       2       1       
File: ./klee-ifelse/test000010.smt2
1:	601     1       0       256     -1447   -1791   0       259     258     0       2       0       
2:	768     1       0       1024    0       56      0       1024    0       0       2       0       
3:	1024    1       0       256     0       50      0       1024    0       0       2       0       
4:	1024    1       0       256     0       50      0       1024    0       1       2       0       
5:	800     1       0       0       0       0       0       512     0       0       2       0       
File: ./klee-ifelse/test000011.smt2
1:	714     1       1       -1984   124     -1983   0       257     -1613   0       1       1       
2:	601     1       1       256     -1422   257     0       257     -1647   0       1       1       
3:	1025    1       1       -1992   49      104     0       0       -1024   0       1       1       
4:	608     1       1       0       128     512     0       0       -1536   0       1       1       
5:	1024    1       1       32      0       1024    0       0       0       0       1       1       
File: ./klee-ifelse/test000012.smt2
1:	842     1       0       260     -1447   261     2       257     512     0       2       1       
2:	842     1       0       516     -1447   517     2       257     512     0       2       1       
3:	768     1       0       0       -1792   256     0       56      0       0       2       1       
4:	1024    1       0       -1024   -1999   0       0       129     -1536   0       2       1       
5:	1024    1       0       56      2       512     0       0       4       0       2       1       
File: ./klee-ifelse/test000014.smt2
1:	601     1       0       256     -1447   257     0       257     769     0       2       1       
2:	601     1       0       256     -1447   257     2       257     897     0       2       1       
3:	601     1       0       256     -1447   1280    2       257     897     0       2       1       
4:	697     1       0       0       0       2       0       146     706     0       2       1       
5:	1024    1       0       50      -1024   64      0       0       512     0       2       1       
File: ./klee-ifelse/test000015.smt2
1:	809     1       0       257     -1447   256     3       0       1       0       2       0       
2:	809     1       0       259     -1447   258     2       0       1       0       2       0       
3:	809     1       0       771     -1447   258     2       0       1       0       2       0       
4:	809     1       0       771     -1447   2       2       0       1       0       2       0       
5:	640     1       0       64      0       0       0       -1536   -1024   0       2       0       
File: ./klee-ifelse/test000016.smt2
1:	809     1       1       259     89      258     0       0       1       0       1       0       
2:	809     1       1       259     -1447   258     0       0       1       0       1       0       
3:	602     1       1       512     -1447   2       0       256     1025    0       1       0       
4:	601     1       1       1024    0       0       0       256     256     0       1       0       
5:	640     1       1       0       0       -1792   0       0       0       0       1       0       
File: ./klee-ifelse/test000017.smt2
1:	601     1       1       -1792   281     -1791   0       257     400     0       1       1       
2:	601     1       1       256     -1438   257     0       257     400     0       1       1       
3:	601     1       1       256     -1406   257     0       257     400     0       1       1       
4:	768     1       1       0       0       512     0       -1903   400     0       1       1       
5:	1536    1       1       56      0       1024    0       -1536   400     0       1       1       
File: ./klee-ifelse/test000018.smt2
1:	601     1       1       256     -1447   257     0       257     913     0       1       1       
2:	601     1       1       256     -1448   257     0       257     657     0       1       1       
3:	768     1       1       4       0       22      0       49      512     0       1       1       
4:	768     1       1       0       0       512     0       0       512     0       1       1       
5:	1024    1       1       -1536   0       0       0       0       1040    0       1       1       
File: ./klee-ifelse/test000019.smt2
1:	601     1       0       512     -1446   513     2       898     640     0       2       0       
2:	601     1       0       144     -1446   145     1       868     500     0       2       0       
3:	768     1       0       49      0       256     0       448     400     0       2       0       
4:	1024    1       0       0       0       49      0       416     400     1       2       0       
5:	1536    1       0       0       0       50      0       416     400     0       2       0       
File: ./klee-ifelse/test000020.smt2
1:	809     1       1       259     89      258     0       517     644     0       1       0       
2:	809     1       1       259     -1447   258     0       1025    1280    0       1       0       
3:	809     1       1       1283    -1447   258     0       1025    1280    0       1       0       
4:	601     1       1       512     0       0       0       1024    1024    0       1       0       
5:	768     1       1       2       0       0       0       416     1024    0       1       0       
File: ./klee-ifelse/test000021.smt2
1:	601     1       0       256     -1447   257     0       914     913     0       2       0       
2:	601     1       0       256     -1447   257     0       786     785     0       2       0       
3:	1097    1       0       0       0       256     0       768     512     0       2       0       
4:	640     1       0       0       0       1       0       1024    416     0       2       0       
5:	1024    1       0       -1536   0       64      0       448     408     0       2       0       
File: ./klee-ifelse/test000022.smt2
1:	809     1       0       259     -1446   258     0       1024    1025    0       2       0       
2:	809     1       0       259     -1447   258     0       1024    1025    0       2       0       
3:	1024    1       0       0       0       -1792   0       640     640     0       2       0       
4:	768     1       0       256     0       0       0       1024    1024    0       2       0       
5:	640     1       0       768     16      512     0       544     1024    0       2       0       
File: ./klee-ifelse/test000023.smt2
1:	604     1       0       64      -1447   65      1       55      52      0       2       0       
2:	601     1       0       512     -1447   513     0       257     0       0       2       0       
3:	1162    1       0       0       108     256     0       0       -1920   2       2       0       
4:	1024    1       0       56      0       128     0       1024    0       0       2       0       
5:	1024    1       0       0       -1536   1       0       1       0       0       2       0       
File: ./klee-ifelse/test000024.smt2
1:	601     1       1       -1792   -1958   -1791   0       -619    -623    0       1       0       
2:	602     1       1       512     -1423   513     0       435     -1615   0       1       0       
3:	1296    1       1       64      0       512     0       256     0       0       1       0       
4:	1280    1       1       52      0       64      0       256     0       0       1       0       
5:	1288    1       1       32      -1024   256     0       -1520   -1534   0       1       0       
File: ./klee-ifelse/test000025.smt2
1:	601     1       1       256     -1447   257     0       914     913     0       1       0       
2:	601     1       1       256     -1447   257     0       914     401     0       1       0       
3:	857     1       1       256     -1447   257     0       914     401     0       1       0       
4:	1536    1       1       0       0       128     2       1176    1168    0       1       0       
5:	608     1       1       0       0       256     0       1280    1024    0       1       0       
File: ./klee-ifelse/test000026.smt2
1:	601     1       1       264     89      265     0       770     400     0       1       0       
2:	601     1       1       260     -1422   261     0       806     400     0       1       0       
3:	601     1       1       68      -1422   256     0       806     400     0       1       0       
4:	768     1       1       -1792   0       0       0       1024    400     0       1       0       
5:	1024    1       1       -1792   0       0       0       1024    400     0       1       0       