File: ./klee-ifelse2/test000001.smt2
1:	809     1       0       -1789   -1447   258     0       -100    257     0       2       1       
2:	809     1       0       515     -1447   1026    0       -100    257     0       2       1       
3:	768     1       0       0       0       0       0       -100    256     0       2       1       
4:	768     1       0       0       0       0       0       -100    0       0       2       1       
5:	1040    1       0       0       -1024   0       0       -100    -1536   0       2       1       
File: ./klee-ifelse2/test000002.smt2
1:	601     1       0       256     -1447   -1791   0       257     257     0       2       1       
2:	601     1       0       256     -1447   -767    0       257     257     0       2       1       
3:	601     1       0       1024    -1447   3       0       257     257     0       2       1       
4:	601     1       0       1024    -1447   3       0       1281    257     0       2       1       
5:	1024    1       0       0       0       -1792   0       0       49      0       2       1       
File: ./klee-ifelse2/test000003.smt2
1:	601     1       0       256     -1447   -1791   0       259     258     0       2       0       
2:	1024    1       0       0       92      0       0       0       -1920   0       2       0       
3:	768     1       0       0       128     -1536   0       512     0       1       2       0       
4:	768     1       0       0       0       0       0       0       -1792   0       2       0       
5:	1024    1       0       1025    0       0       0       512     0       0       2       0       
File: ./klee-ifelse2/test000004.smt2
1:	809     1       0       -1791   -1447   256     0       -1789   258     0       2       0       
2:	809     1       0       -1787   -1447   260     0       -1789   258     0       2       0       
3:	809     1       0       -1787   -423    260     0       -1789   258     0       2       0       
4:	1024    1       0       -1984   49      0       0       -1280   0       0       2       0       
5:	1280    1       0       0       0       0       0       0       2       0       2       0       
File: ./klee-ifelse2/test000005.smt2
1:	809     1       0       259     -1447   258     0       -100    257     0       2       1       
2:	1024    1       0       -1952   0       -1983   0       -100    0       0       2       1       
3:	1024    1       0       1       0       0       0       -100    0       1       2       1       
4:	1024    1       0       -512    0       -1024   0       -100    0       0       2       1       
5:	768     1       0       512     49      256     0       -100    -1024   0       2       1       
File: ./klee-ifelse2/test000006.smt2
1:	601     1       1       256     -1447   -1791   0       257     257     0       1       1       
2:	601     1       1       256     -1455   -1791   0       257     257     0       1       1       
3:	1024    1       1       1024    0       49      0       72      0       0       1       1       
4:	1024    1       1       512     0       52      0       0       0       0       1       1       
5:	768     1       1       8       -1024   0       0       0       0       0       1       1       
File: ./klee-ifelse2/test000007.smt2
1:	809     1       1       -1789   -1447   258     0       -1789   258     0       1       0       
2:	809     1       1       -1789   -1447   258     0       -1752   256     0       1       0       
3:	1024    1       1       1024    49      1024    0       0       0       0       1       0       
4:	1024    1       1       64      0       512     1       0       0       0       1       0       
5:	1152    1       1       64      0       512     1       0       0       0       1       0       
File: ./klee-ifelse2/test000008.smt2
1:	809     1       0       265     -1447   264     3       0       1       0       2       0       
2:	809     1       0       259     -1447   258     2       0       1       0       2       0       
3:	768     1       0       1       0       0       0       256     512     1       2       0       
4:	1024    1       0       512     0       0       0       0       0       0       2       0       
5:	1280    1       0       8       0       0       0       0       1024    0       2       0       
File: ./klee-ifelse2/test000009.smt2
1:	601     1       1       256     -1447   -1791   0       259     258     0       1       0       
2:	1224    1       1       8       0       -1998   0       56      52      0       1       0       
3:	1024    1       1       1024    0       512     0       -1996   -1999   0       1       0       
4:	768     1       1       1024    -1792   -1024   0       4       0       0       1       0       
5:	768     1       1       0       0       0       0       8       0       0       1       0       
File: ./klee-ifelse2/test000010.smt2
1:	809     1       0       259     -1447   258     0       1024    1025    0       2       0       
2:	809     1       0       257     -1447   256     0       1024    1025    0       2       0       
3:	768     1       0       64      0       0       0       448     1024    0       2       0       
4:	768     1       0       4       0       0       0       1024    1024    0       2       0       
5:	1280    1       0       256     0       0       0       512     512     0       2       0       
File: ./klee-ifelse2/test000011.smt2
1:	601     1       0       256     -1447   257     0       257     769     0       2       1       
2:	601     1       0       256     -1447   257     0       257     1425    0       2       1       
3:	601     1       0       256     -1447   257     0       65      1425    0       2       1       
4:	768     1       0       0       0       256     0       -1024   512     0       2       1       
5:	1040    1       0       -1999   0       56      0       0       401     0       2       1       
File: ./klee-ifelse2/test000012.smt2
1:	602     1       0       1024    -1447   1025    1       257     52      0       2       1       
2:	602     1       0       1026    -1447   1027    1       257     52      0       2       1       
3:	602     1       0       1026    -1447   1027    0       257     52      0       2       1       
4:	1024    1       0       0       0       512     0       0       -1536   0       2       1       
5:	1024    1       0       0       0       2       0       0       0       0       2       1       
File: ./klee-ifelse2/test000013.smt2
1:	602     1       0       258     -1447   259     2       257     640     0       2       1       
2:	601     1       0       0       -1446   257     1       257     500     0       2       1       
3:	601     1       0       -1024   0       4       0       0       400     0       2       1       
4:	768     1       0       0       52      145     0       0       400     0       2       1       
5:	1024    1       0       2       0       512     0       0       400     0       2       1       
File: ./klee-ifelse2/test000014.smt2
1:	601     1       0       513     -1447   520     1       55      52      0       2       0       
2:	601     1       0       66      204     115     0       1025    0       0       2       0       
3:	1024    1       0       0       -1280   256     0       128     50      0       2       0       
4:	776     1       0       -1792   8       0       0       -1024   -1790   0       2       0       
5:	640     1       0       -1024   -1791   256     0       1024    0       0       2       0       
File: ./klee-ifelse2/test000015.smt2
1:	809     1       1       -1789   -1447   258     0       -1789   258     0       2       0       
2:	809     1       1       -1789   -1445   258     0       -1789   258     0       2       0       
3:	809     1       1       -1021   -1445   258     0       -1789   258     0       2       0       
4:	1024    1       1       0       0       0       0       0       0       0       2       0       
5:	768     1       1       0       0       0       0       2       512     0       2       0       
File: ./klee-ifelse2/test000016.smt2
1:	601     1       0       256     -1447   257     0       402     401     0       2       0       
2:	604     1       0       0       0       256     0       1536    1024    0       2       0       
3:	640     1       0       0       0       512     0       1280    1024    0       2       0       
4:	640     1       0       0       0       1024    0       1536    1024    0       2       0       
5:	1024    1       0       0       0       1024    0       1536    1024    0       2       0       
File: ./klee-ifelse2/test000017.smt2
1:	604     1       0       260     -1446   261     2       770     640     0       2       0       
2:	602     1       0       260     -1447   261     1       866     500     0       2       0       
3:	1024    1       0       0       -1536   129     0       512     400     2       2       0       
4:	1024    1       0       50      32      1024    0       416     400     0       2       0       
5:	640     1       0       49      0       256     0       416     400     0       2       0       
File: ./klee-ifelse2/test000018.smt2
1:	601     1       1       256     -1447   -1791   0       259     258     0       2       0       
2:	601     1       1       256     -1447   -767    0       259     258     0       2       0       
3:	601     1       1       256     -1447   -767    0       771     2       0       2       0       
4:	1024    1       1       0       0       0       0       -1024   -1792   0       2       0       
5:	768     1       1       1024    0       256     2       256     0       2       2       0       
File: ./klee-ifelse2/test000019.smt2
1:	809     1       1       -1789   -1447   258     0       -100    257     0       1       1       
2:	809     1       1       -1789   -423    258     0       -100    257     0       1       1       
3:	809     1       1       -1789   -423    770     0       -100    257     0       1       1       
4:	1024    1       1       0       0       0       0       -100    0       0       1       1       
5:	768     1       1       0       0       0       0       -100    0       0       1       1       
File: ./klee-ifelse2/test000020.smt2
1:	601     1       1       256     -1447   -1791   0       257     257     0       2       1       
2:	601     1       1       256     -1443   -1791   0       -1791   257     0       2       1       
3:	601     1       1       256     -1443   -1791   0       -1663   257     0       2       1       
4:	640     1       1       0       -1024   -1536   0       0       0       0       2       1       
5:	1536    1       1       0       0       -1792   0       0       2       2       2       1       
File: ./klee-ifelse2/test000021.smt2
1:	809     1       1       -1789   -1447   258     0       -100    257     0       2       1       
2:	809     1       1       -1277   -1447   258     0       -100    257     0       2       1       
3:	809     1       1       -1277   -1447   514     0       -100    257     0       2       1       
4:	809     1       1       -1277   -1447   514     0       -100    1281    0       2       1       
5:	768     1       1       0       0       0       0       -100    0       0       2       1       
File: ./klee-ifelse2/test000022.smt2
1:	809     1       1       259     -1447   258     0       -100    257     0       1       1       
2:	809     1       1       259     539     258     0       -100    257     0       1       1       
3:	1024    1       1       256     0       33      0       -100    -1792   0       1       1       
4:	1024    1       1       0       0       -1951   0       -100    -1792   0       1       1       
5:	768     1       1       256     0       0       0       -100    0       0       1       1       
File: ./klee-ifelse2/test000023.smt2
1:	809     1       1       259     -1447   258     0       -100    257     0       2       1       
2:	809     1       1       -1533   -1447   -1534   0       -100    257     0       2       1       
3:	809     1       1       -1405   -1447   -1534   0       -100    1       0       2       1       
4:	1024    1       1       2       0       0       0       -100    -1999   0       2       1       
5:	1024    1       1       512     0       0       0       -100    50      0       2       1       
File: ./klee-ifelse2/test000024.smt2
1:	601     1       1       256     -1447   257     0       257     913     0       1       1       
2:	601     1       1       256     -1445   257     0       257     913     0       1       1       
3:	601     1       1       256     -1445   257     0       257     961     0       1       1       
4:	1032    1       1       0       0       1       0       17      1024    0       1       1       
5:	1064    1       1       0       0       256     0       -1536   512     0       1       1       
File: ./klee-ifelse2/test000025.smt2
1:	714     1       1       -1984   124     -1983   0       257     -1613   0       1       1       
2:	604     1       1       256     -1422   257     0       257     -1647   0       1       1       
3:	690     1       1       64      0       177     0       4       -1024   0       1       1       
4:	676     1       1       2       0       131     0       64      0       0       1       1       
5:	768     1       1       0       -1536   512     0       0       0       0       1       1       
File: ./klee-ifelse2/test000026.smt2
1:	604     1       1       -1792   281     -1791   0       257     400     0       1       1       
2:	601     1       1       256     -1438   257     0       257     400     0       1       1       
3:	857     1       1       256     -1438   257     0       257     400     0       1       1       
4:	857     1       1       128     -1950   257     0       257     400     0       1       1       
5:	768     1       1       50      0       56      0       52      400     0       1       1       
File: ./klee-ifelse2/test000027.smt2
1:	809     1       1       259     89      258     0       0       1       0       1       0       
2:	809     1       1       259     -1447   258     0       0       1       0       1       0       
3:	809     1       1       263     -1447   260     0       0       1       0       1       0       
4:	1024    1       1       1       0       0       0       128     1024    0       1       0       
5:	1024    1       1       1024    0       0       0       0       0       0       1       0       
File: ./klee-ifelse2/test000028.smt2
1:	601     1       1       -1792   -1958   -1791   0       -619    -623    0       1       0       
2:	602     1       1       256     -1423   257     0       439     -1613   0       1       0       
3:	768     1       1       -1024   0       -768    0       132     0       0       1       0       
4:	604     1       1       64      0       1024    0       50      0       0       1       0       
5:	768     1       1       50      0       51      0       1024    272     0       1       0       
File: ./klee-ifelse2/test000029.smt2
1:	601     1       1       256     -1447   257     0       914     913     0       1       0       
2:	640     1       1       0       0       81      2       770     768     0       1       0       
3:	1024    1       1       1024    512     1026    0       768     544     0       1       0       
4:	1024    1       1       50      0       152     0       1281    1280    0       1       0       
5:	1024    1       1       56      -1024   64      0       1024    576     0       1       0       
File: ./klee-ifelse2/test000030.smt2
1:	601     1       1       256     -1447   257     0       257     769     0       2       1       
2:	601     1       1       256     -1447   257     2       257     897     0       2       1       
3:	601     1       1       256     -1447   1025    2       257     897     0       2       1       
4:	768     1       1       -1536   -1536   -1024   0       0       512     0       2       1       
5:	1024    1       1       0       0       512     0       -1024   1041    0       2       1       
File: ./klee-ifelse2/test000031.smt2
1:	602     1       1       128     -1447   129     1       55      52      0       2       0       
2:	604     1       1       64      -1447   65      1       307     52      0       2       0       
3:	860     1       1       64      -1447   65      1       307     52      0       2       0       
4:	636     1       1       64      -1447   66      1       307     52      0       2       0       
5:	1177    1       1       -1024   52      -1022   0       0       -1536   0       2       0       
File: ./klee-ifelse2/test000032.smt2
1:	809     1       1       259     89      258     0       517     644     0       1       0       
2:	809     1       1       259     -1447   258     0       1025    1280    0       1       0       
3:	608     1       1       256     0       0       0       1024    1024    0       1       0       
4:	768     1       1       1024    0       0       0       416     1024    0       1       0       
5:	608     1       1       16      56      0       0       449     1088    0       1       0       
File: ./klee-ifelse2/test000033.smt2
1:	809     1       1       259     -1446   258     0       1024    1025    0       2       0       
2:	809     1       1       259     -1447   258     0       1024    1025    0       2       0       
3:	809     1       1       771     -1447   258     0       1024    1025    0       2       0       
4:	809     1       1       771     -1472   258     0       1024    1025    0       2       0       
5:	704     1       1       4       0       0       0       1024    1024    0       2       0       
File: ./klee-ifelse2/test000034.smt2
1:	601     1       1       264     89      265     0       770     400     0       1       0       
2:	601     1       1       260     -1422   261     0       806     400     0       1       0       
3:	601     1       1       4       -1422   256     0       806     400     0       1       0       
4:	601     1       1       4       -1421   256     0       806     400     0       1       0       
5:	1280    1       1       50      0       51      0       1024    400     0       1       0       
File: ./klee-ifelse2/test000035.smt2
1:	601     1       1       256     -1447   257     0       402     401     0       2       0       
2:	601     1       1       256     -423    257     0       402     401     0       2       0       
3:	1024    1       1       0       0       161     0       1026    512     0       2       0       
4:	768     1       1       -1792   0       0       2       896     768     0       2       0       
5:	1024    1       1       0       0       16      0       1024    512     0       2       0       
File: ./klee-ifelse2/test000036.smt2
1:	636     1       1       72      -1446   73      2       257     0       0       2       1       
2:	604     1       1       72      -1447   73      2       257     512     0       2       1       
3:	604     1       1       72      -1447   73      2       1281    512     0       2       1       
4:	1024    1       1       56      0       256     0       0       0       0       2       1       
5:	1024    1       1       0       0       16      0       0       0       0       2       1       
File: ./klee-ifelse2/test000037.smt2
1:	809     1       1       261     -1447   260     3       0       1       0       2       0       
2:	809     1       1       259     -1447   258     2       0       1       0       2       0       
3:	1024    1       1       68      0       0       0       -1792   512     0       2       0       
4:	768     1       1       82      -1920   -1024   0       0       0       0       2       0       
5:	768     1       1       256     0       0       0       -1998   0       0       2       0       
File: ./klee-ifelse2/test000038.smt2
1:	602     1       1       66      -1444   67      0       401     400     0       2       0       
2:	602     1       1       130     -1447   131     1       876     500     0       2       0       
3:	602     1       1       2       -1447   131     1       876     500     0       2       0       
4:	602     1       1       2       -1447   131     1       1900    500     0       2       0       
5:	768     1       1       52      0       128     2       768     640     0       2       0       
File: ./klee-ifelse2/test000039.smt2
1:	601     1       1       256     -1447   257     2       257     640     0       2       1       
2:	601     1       1       260     -1447   261     1       257     500     0       2       1       
3:	601     1       1       4       -1447   261     1       257     500     0       2       1       
4:	1024    1       1       50      96      64      0       132     400     0       2       1       
5:	1024    1       1       56      0       64      0       -1920   400     0       2       1       